time (s)	energy (uJ)	charge (mC)	voltage (mV)	crossing#mod 255
3142.033519	135.836517	0.015895	8.545853	62
3143.089656	124.514801	0.015886	7.837828	63
3144.143174	142.234970	0.015904	8.943520	64
3145.189096	146.226425	0.015903	9.194681	65
3146.235592	137.165039	0.015886	8.634238	66
3147.283609	146.445084	0.015896	9.212471	67
3148.333934	153.942047	0.015887	9.689989	68
3149.378053	146.172821	0.015915	9.184657	69
3150.428296	152.123474	0.015881	9.578955	70
3151.474226	153.633636	0.015888	9.669735	71
3152.526621	155.790039	0.015894	9.801933	72
3153.568458	161.059509	0.015887	10.137964	73
3154.624566	156.375946	0.015882	9.845923	74
3155.663277	163.801697	0.015878	10.316045	75
3156.720433	157.058640	0.015917	9.867225	76
3157.756960	166.838806	0.015919	10.480585	77
3158.817504	158.280716	0.015884	9.964553	78
3159.852785	160.977386	0.015865	10.146860	79
3160.912446	162.578415	0.015884	10.235644	80
3161.950480	163.815735	0.015879	10.316746	81
3163.002615	159.897202	0.015898	10.057911	82
3164.046863	165.142242	0.015911	10.378944	83
3165.096203	157.782944	0.015908	9.918761	84
3166.142549	161.059158	0.015902	10.128043	85
3167.191394	159.914581	0.015883	10.068052	86
3168.236767	155.568436	0.015880	9.796763	87
3169.285542	153.214279	0.015877	9.650085	88
3170.329780	154.585190	0.015888	9.729886	89
3171.379733	154.989304	0.015856	9.774908	90
3172.423776	151.933731	0.015884	9.565074	91
3173.474765	148.633362	0.015876	9.361853	92
3174.518430	151.890732	0.015884	9.562741	93
3175.567944	146.543594	0.015919	9.205606	94
3176.611938	146.847458	0.015913	9.227993	95
3177.660476	145.169586	0.015892	9.134713	96
3178.706249	143.886124	0.015859	9.072829	97
3179.753349	140.673050	0.015887	8.854625	98
3180.799063	141.867203	0.015903	8.920764	99
3181.849010	134.818497	0.015873	8.493375	100
3182.893394	134.597137	0.015872	8.480352	101
3183.940882	134.445786	0.015865	8.474322	102
3184.985463	132.755035	0.015899	8.349796	103
3186.037245	126.578316	0.015875	7.973503	104
3187.077280	130.975754	0.015909	8.232829	105
3188.128425	134.794052	0.015879	8.489052	106
3189.168708	129.879059	0.015889	8.173961	107
3190.223945	118.325272	0.015923	7.431245	108
3191.262617	127.988647	0.015876	8.061749	109
3192.315202	117.659615	0.015881	7.408878	110
3193.353899	125.954384	0.015897	7.923049	111
3194.408493	115.537598	0.015883	7.274429	112
3195.446399	121.719810	0.015857	7.676208	113
3196.500646	112.149986	0.015856	7.073079	114
3197.540178	119.106834	0.015884	7.498547	115
3198.592126	101.077690	0.015914	6.351323	116
3199.633840	118.507187	0.015890	7.457937	117
3200.682771	106.828888	0.015881	6.726629	118
3201.727118	113.852051	0.015878	7.170409	119
3202.776611	101.700974	0.015907	6.393425	120
3203.819919	106.783371	0.015894	6.718496	121
3204.866682	105.060562	0.015889	6.612350	122
3205.911076	107.415993	0.015880	6.764424	123
3206.959122	102.874954	0.015884	6.476635	124
3208.003930	104.290581	0.015918	6.551785	125
3209.051658	97.515770	0.015875	6.142770	126
3210.095595	103.105278	0.015870	6.496851	127
3211.144715	95.348358	0.015874	6.006638	128
3212.187684	98.438774	0.015881	6.198424	129
3213.237876	92.413361	0.015885	5.817592	130
3214.278451	99.443855	0.015883	6.261013	131
3215.328856	90.778435	0.015881	5.716223	132
3216.371776	94.660217	0.015882	5.960306	133
3217.420950	91.762306	0.015909	5.767854	134
3218.463760	94.032745	0.015880	5.921549	135
3219.512276	91.160507	0.015856	5.749220	136
3220.554217	95.577042	0.015886	6.016247	137
3221.604097	86.273216	0.015905	5.424422	138
3222.647836	91.473137	0.015903	5.752100	139
3223.696012	84.987137	0.015912	5.340905	140
3224.739757	89.843773	0.015888	5.654840	141
3225.787691	105.668793	0.015876	6.655818	142
3226.833568	85.725388	0.015840	5.412085	143
3227.879863	82.496407	0.015932	5.177890	144
3228.922611	91.194595	0.015887	5.740074	145
3229.971888	80.209770	0.015886	5.048950	146
3231.014486	88.619705	0.015882	5.579726	147
3232.062837	78.639526	0.015879	4.952485	148
3233.106412	85.729790	0.015887	5.396343	149
3234.154785	79.574188	0.015886	5.009144	150
3235.197197	83.734886	0.015907	5.264006	151
3236.247932	78.005486	0.015879	4.912412	152
3237.287095	85.581062	0.015877	5.390244	153
3238.339414	79.103554	0.015883	4.980420	154
3239.380009	83.453575	0.015910	5.245395	155
3240.432054	54.232121	0.015891	3.412677	156
3241.472363	77.189941	0.015900	4.854588	157
3242.524104	71.357910	0.015912	4.484554	158
3243.563593	79.150772	0.015885	4.982873	159
3244.614361	73.393700	0.015891	4.618581	160
3245.654488	81.468239	0.015882	5.129474	161
3246.706281	69.975555	0.015910	4.398328	162
3247.746589	81.127968	0.015882	5.108044	163
3248.796903	69.950607	0.015867	4.408697	164
3249.839653	77.074089	0.015886	4.851588	165
3250.889472	67.490776	0.015877	4.250799	166
3251.930900	56.149773	0.015902	3.530985	167
3252.979818	68.297928	0.015889	4.298435	168
3254.022753	71.542595	0.015872	4.507339	169
3255.072210	66.106361	0.015880	4.162906	170
3256.113959	74.751167	0.015858	4.713922	171
3257.163247	66.791092	0.015902	4.200149	172
3258.206868	70.673866	0.015879	4.450803	173
3259.253850	69.629593	0.015879	4.385058	174
3260.299731	68.217392	0.015846	4.305128	175
3261.345698	64.429649	0.015896	4.053236	176
3262.388627	69.368225	0.015873	4.370227	177
3263.427186	84.828003	0.015899	5.335361	178
3264.479181	72.758003	0.015885	4.580225	179
3265.530225	65.287552	0.015885	4.110082	180
3266.572760	65.303177	0.015845	4.121313	181
3267.621669	61.981243	0.015887	3.901294	182
3268.662722	67.124794	0.015888	4.224896	183
3269.714009	60.592476	0.015913	3.807736	184
3270.753067	67.413292	0.015883	4.244483	185
3271.804906	61.931503	0.015880	3.899934	186
3272.844465	67.359306	0.015903	4.235506	187
3273.898339	58.617100	0.015874	3.692626	188
3274.936749	64.916634	0.015852	4.095222	189
3275.989067	57.408958	0.015882	3.614746	190
3277.028689	64.486252	0.015906	4.054224	191
3278.079485	56.530071	0.015889	3.557757	192
3279.119635	67.027832	0.015860	4.226135	193
3280.170831	55.952179	0.015869	3.525950	194
3281.212105	65.224838	0.015869	4.110278	195
3282.260867	56.026955	0.015864	3.531672	196
3283.304110	64.448158	0.015866	4.061959	197
3284.353582	54.495026	0.015883	3.430934	198
