time (s)	energy (uJ)	charge (mC)	voltage (mV)	crossing#mod 255
2316.784612	58.317379	0.008551	6.819865	136
2317.833132	53.096054	0.008559	6.203784	137
2318.880071	47.312244	0.008545	5.536703	138
2319.920144	53.246605	0.008544	6.231887	139
2320.979687	60.130249	0.008548	7.034676	140
2322.019876	52.902332	0.008541	6.194042	141
2323.068539	53.722443	0.008567	6.270706	142
2324.110176	61.530975	0.008552	7.194766	143
2325.170351	56.355915	0.008556	6.586817	144
2326.206049	59.052979	0.008524	6.927644	145
2327.263998	58.351418	0.008560	6.816470	146
2328.293596	61.568546	0.008558	7.194649	147
2329.358060	58.072426	0.008546	6.795353	148
2330.393733	63.423347	0.008547	7.420591	149
2331.454795	59.912373	0.008559	7.000281	150
2332.485135	62.372414	0.008550	7.294727	151
2333.551150	64.308136	0.008540	7.530242	152
2334.580087	66.299080	0.008542	7.761272	153
2335.645720	60.033928	0.008541	7.029318	154
2336.673919	66.930061	0.008542	7.834983	155
2337.739216	65.945549	0.008574	7.691081	156
2338.770501	65.302872	0.008536	7.650500	157
2339.832859	65.474770	0.008547	7.660132	158
2340.865548	152.242279	0.008561	17.783468	159
2341.926865	66.031044	0.008550	7.722603	160
2342.956054	68.343597	0.008535	8.007698	161
2344.019547	68.535103	0.008543	8.021975	162
2345.053320	71.838120	0.008557	8.395092	163
2346.114027	65.533295	0.008539	7.674802	164
2347.146353	70.613319	0.008540	8.268496	165
2348.208926	67.701653	0.008530	7.936967	166
2349.241014	71.415291	0.008532	8.370003	167
2350.302834	66.935356	0.008539	7.839190	168
2351.335010	71.453888	0.008554	8.352915	169
2352.395996	70.431122	0.008547	8.240431	170
2353.427160	71.494484	0.008562	8.350004	171
2354.487534	70.521515	0.008544	8.253720	172
2355.520705	73.537537	0.008564	8.586750	173
2356.581444	69.919205	0.008541	8.186062	174
2357.615807	70.671211	0.008537	8.278100	175
2358.675673	69.858414	0.008529	8.190631	176
2359.707572	73.035637	0.008547	8.545106	177
2360.771330	67.548546	0.008541	7.908303	178
2361.799206	70.774826	0.008555	8.273301	179
2362.863754	71.267685	0.008543	8.342340	180
2363.895954	70.185783	0.008547	8.211836	181
2364.958169	69.843857	0.008554	8.164872	182
2365.987846	74.643547	0.008559	8.721473	183
2367.050464	66.343002	0.008540	7.768912	184
2368.081453	74.227448	0.008560	8.671707	185
2369.143405	66.001289	0.008567	7.704342	186
2370.174772	71.986595	0.008537	8.431933	187
2371.233649	66.032585	0.008542	7.730051	188
2372.267112	77.193535	0.008541	9.038389	189
2373.327255	68.529602	0.008542	8.022346	190
2374.362995	71.204689	0.008562	8.315951	191
2375.419772	67.180359	0.008549	7.857844	192
2376.455400	70.185051	0.008522	8.235465	193
2377.513416	65.899864	0.008559	7.699680	194
2378.549391	67.317482	0.008547	7.875874	195
2379.607416	64.313873	0.008562	7.511792	196
2380.643820	67.484108	0.008544	7.898186	197
2381.697442	66.483109	0.008562	7.765334	198
2382.735672	68.240639	0.008542	7.988874	199
2383.790093	67.177628	0.008549	7.857777	200
2384.828752	66.477348	0.008556	7.769768	201
2385.881903	65.312904	0.008545	7.643090	202
2386.921556	64.755295	0.008559	7.565747	203
2387.976155	64.166855	0.008543	7.511010	204
2389.014094	63.461552	0.008538	7.433093	205
2390.066691	63.605354	0.008561	7.429853	206
2391.104732	59.620262	0.008541	6.980165	207
2392.162089	59.665653	0.008551	6.977631	208
2393.197406	64.023743	0.008565	7.475313	209
2394.252892	61.548958	0.008540	7.207175	210
2395.289511	62.799282	0.008545	7.349572	211
2396.345697	60.865257	0.008519	7.144339	212
2397.382087	62.660027	0.008551	7.327878	213
2398.438562	58.705685	0.008569	6.851089	214
2399.472559	62.449142	0.008563	7.292748	215
2400.530995	58.125534	0.008541	6.805230	216
2401.565329	60.706409	0.008523	7.122381	217
2402.623972	56.678364	0.008536	6.639553	218
2403.658549	58.641148	0.008534	6.871095	219
2404.718805	54.022366	0.008547	6.320255	220
2405.749850	60.531921	0.008550	7.079899	221
2406.809983	54.219143	0.008538	6.350012	222
2407.840356	59.825264	0.008535	7.009730	223
2408.901160	54.902325	0.008560	6.413987	224
2409.932411	58.297859	0.008537	6.829226	225
2410.994379	53.838593	0.008557	6.291951	226
2412.024409	57.621639	0.008570	6.723778	227
2413.085804	54.016235	0.008545	6.321281	228
2414.115677	58.771072	0.008561	6.865252	229
2415.176222	49.834690	0.008527	5.844244	230
2416.209865	56.910778	0.008549	6.657006	231
2417.270550	52.421345	0.008542	6.137223	232
2418.300803	54.707127	0.008542	6.404285	233
2419.358850	51.340427	0.008543	6.009820	234
2420.398601	53.219723	0.008538	6.233286	235
2421.450492	53.102165	0.008551	6.209777	236
2422.487510	51.678410	0.008549	6.044837	237
2423.547940	48.067165	0.008528	5.636323	238
2424.577828	53.793591	0.008534	6.303103	239
2425.635161	48.933411	0.008543	5.728101	240
2426.671717	51.170959	0.008549	5.985729	241
2427.726043	48.823410	0.008574	5.694077	242
2428.763548	51.277355	0.008545	6.000731	243
2429.819758	47.058853	0.008558	5.499099	244
2430.854654	50.791321	0.008538	5.948523	245
2431.910783	135.275574	0.008556	15.809731	246
2432.945161	51.517975	0.008547	6.027708	247
2434.001519	46.863941	0.008570	5.468253	248
2435.038797	49.306599	0.008562	5.758833	249
2436.093545	46.789303	0.008544	5.476221	250
2437.129428	49.872288	0.008547	5.835402	251
2438.191491	39.393509	0.008540	4.612953	252
2439.220476	50.418121	0.008537	5.905850	253
2440.276788	43.569809	0.008553	5.094149	254
2441.312484	48.143143	0.008544	5.634867	255
2442.368519	44.472260	0.008540	5.207459	0
2443.406356	46.638752	0.008553	5.452735	1
2444.458944	43.289280	0.008550	5.063275	2
2445.498480	46.289032	0.008562	5.406090	3
2446.549815	38.456532	0.008574	4.485456	4
2447.587865	48.030872	0.008576	5.600894	5
2448.641612	42.054642	0.008559	4.913372	6
2449.681056	47.092690	0.008527	5.522831	7
2450.733247	41.888309	0.008577	4.883674	8
2451.771932	46.872528	0.008535	5.491909	9
2452.823584	42.062485	0.008549	4.920044	10
2453.864410	45.208191	0.008558	5.282554	11
