time (s)	energy (uJ)	charge (mC)	voltage (mV)	crossing#mod 255
4751.936730	98.600121	0.015884	6.207440	42
4752.975947	93.613014	0.015917	5.881375	43
4754.041355	92.566719	0.015919	5.814908	44
4755.071797	106.486504	0.015866	6.711572	45
4756.137830	73.632545	0.015882	4.636241	46
4757.174195	104.982361	0.015891	6.606327	47
4758.238542	80.286598	0.015893	5.051741	48
4759.273228	97.937561	0.015853	6.177965	49
4760.341056	76.660881	0.015888	4.825209	50
4761.490806	-14.090845	0.015876	-0.887545	51
4762.433889	75.847366	0.015877	4.777125	52
4763.467488	86.357811	0.015885	5.436468	53
4764.528674	87.306793	0.015906	5.489019	54
4765.564362	90.555634	0.015852	5.712666	55
4766.627537	78.398933	0.015882	4.936227	56
4767.662227	85.920685	0.015849	5.421084	57
4768.721912	81.103928	0.015886	5.105275	58
4769.756847	86.822960	0.015904	5.459291	59
4770.818462	77.335381	0.015892	4.866273	60
4771.854144	82.009109	0.015910	5.154420	61
4772.916806	72.582443	0.015902	4.564419	62
4773.950334	76.729706	0.015881	4.831622	63
4775.010026	75.562202	0.015880	4.758256	64
4776.043742	80.715698	0.015880	5.082793	65
4777.106424	67.261406	0.015912	4.227190	66
4778.139257	76.323341	0.015883	4.805204	67
4779.198715	71.012138	0.015880	4.471892	68
4780.232834	74.945862	0.015874	4.721363	69
4781.294930	65.322556	0.015850	4.121218	70
4782.328882	74.022705	0.015886	4.659665	71
4783.388091	65.220299	0.015908	4.099846	72
4784.424167	68.230530	0.015907	4.289231	73
4785.484001	63.294594	0.015892	3.982871	74
4786.518103	70.952988	0.015887	4.466053	75
4787.578330	57.945591	0.015885	3.647749	76
4788.612197	67.004578	0.015877	4.220181	77
4789.672061	57.123417	0.015851	3.603862	78
4790.705895	66.177681	0.015847	4.175991	79
4791.764416	54.900791	0.015879	3.457346	80
4792.801658	62.469269	0.015898	3.929302	81
4793.858025	55.260841	0.015884	3.479015	82
4794.893313	59.214703	0.015904	3.723277	83
4795.949879	55.685070	0.015884	3.505746	84
4796.988592	59.391281	0.015854	3.746055	85
4798.043071	52.672649	0.015849	3.323496	86
4799.081510	59.112206	0.015877	3.723117	87
4800.136954	50.714031	0.015901	3.189374	88
4801.176202	56.623894	0.015908	3.559362	89
4802.227869	49.530479	0.015882	3.118721	90
4803.267925	56.615501	0.015901	3.560457	91
4804.322146	47.098843	0.015874	2.966998	92
4805.361737	54.595901	0.015899	3.434012	93
4806.413674	47.851501	0.015907	3.008141	94
4807.453177	52.419209	0.015869	3.303227	95
4808.508735	45.277851	0.015901	2.847450	96
4809.545774	53.458080	0.015868	3.368906	97
4810.600432	46.020458	0.015864	2.901007	98
4811.638889	50.721375	0.015886	3.192805	99
4812.692159	44.146206	0.015900	2.776475	100
4813.732301	51.341293	0.015936	3.221676	101
4814.784986	42.989197	0.015881	2.706900	102
4815.825477	48.480164	0.015869	3.054989	103
4816.876451	42.769215	0.015847	2.698809	104
4817.918143	47.879864	0.015903	3.010654	105
4818.971437	40.044525	0.015898	2.518904	106
4820.010340	45.966209	0.015872	2.896147	107
4821.061871	41.341457	0.015880	2.603324	108
4822.100847	46.544624	0.015880	2.930978	109
4823.156245	40.040070	0.015932	2.513216	110
4824.192463	46.624424	0.015896	2.933100	111
4825.247055	39.355068	0.015881	2.478139	112
4826.285705	44.244560	0.015895	2.783548	113
4827.339952	38.421707	0.015859	2.422759	114
4828.376633	44.103371	0.015867	2.779603	115
4829.432550	37.324467	0.015867	2.352370	116
4830.469614	43.407852	0.015887	2.732313	117
4831.527050	35.582008	0.015900	2.237844	118
4832.561538	40.915195	0.015878	2.576864	119
4833.616834	37.699398	0.015880	2.374059	120
4834.652272	42.300850	0.015866	2.666098	121
4835.708568	36.621227	0.015850	2.310530	122
4836.744342	40.491020	0.015889	2.548424	123
4837.802015	34.956707	0.015879	2.201484	124
4838.815669	58.678921	0.015868	3.698052	125
4839.894614	33.835129	0.015897	2.128426	126
4840.929761	38.782738	0.015893	2.440166	127
4841.984420	35.612427	0.015868	2.244351	128
4843.018828	40.071957	0.015867	2.525498	129
4844.077354	34.163181	0.015948	2.142188	130
4845.111200	39.146294	0.015866	2.467350	131
4846.168115	33.323215	0.015875	2.099063	132
4847.203520	37.400269	0.015894	2.353088	133
4848.259340	33.589954	0.015866	2.117137	134
4849.295568	34.937347	0.015898	2.197645	135
4850.355221	30.249926	0.015866	1.906607	136
4851.388333	36.337120	0.015867	2.290110	137
4852.443738	30.458433	0.015890	1.916880	138
4853.480466	35.489815	0.015875	2.235567	139
4854.536860	30.594919	0.015901	1.924123	140
4855.571706	35.549572	0.015869	2.240233	141
4856.626509	32.060284	0.015862	2.021164	142
4857.662447	34.741283	0.015897	2.185399	143
4858.718874	29.999420	0.015864	1.890993	144
4859.755573	35.329334	0.015896	2.222518	145
4860.810656	30.243528	0.015876	1.905030	146
4861.846005	34.732002	0.015874	2.187919	147
4862.902023	29.661402	0.015868	1.869217	148
4863.937806	34.101593	0.015864	2.149624	149
4864.993487	29.303049	0.015895	1.843581	150
4866.030305	33.518467	0.015896	2.108634	151
4867.084267	29.268482	0.015871	1.844207	152
4868.133880	26.718658	0.015870	1.683561	153
4869.177958	27.079239	0.015898	1.703294	154
4870.214258	33.196957	0.015873	2.091443	155
4871.267894	27.852987	0.015892	1.752622	156
4872.305407	33.083652	0.015897	2.081099	157
4873.357710	28.817110	0.015867	1.816165	158
4874.398912	31.979689	0.015898	2.011495	159
4875.449679	120.059341	0.015890	7.555613	160
4876.490226	31.537277	0.015875	1.986554	161
4877.541006	27.163639	0.015866	1.712049	162
4878.580908	32.018047	0.015897	2.014148	163
4879.632767	27.168179	0.015881	1.710696	164
4880.672709	31.678080	0.015873	1.995669	165
4881.723627	27.024591	0.015872	1.702637	166
4882.763580	31.454596	0.015868	1.982258	167
4883.838844	15.484697	0.015868	0.975816	168
4884.854558	25.202568	0.015845	1.590541	169
4885.908916	25.180498	0.015889	1.584750	170
4886.945991	31.335340	0.015893	1.971613	171
4887.998810	26.640551	0.015868	1.678839	172
4889.036479	30.956070	0.015866	1.951106	173
4890.091010	26.300339	0.015869	1.657390	174
