crossing time (s)	slope (V/s)	crossing number
281474976710655.000000	2.013147	4204	4551610368.000000
281474976710655.000000	2.082423	4205	4552668160.000000
281474976710655.000000	2.057957	4206	4553709056.000000
281474976710655.000000	2.146838	4207	4554766336.000000
281474976710655.000000	2.165272	4208	4555804160.000000
281474976710655.000000	2.189534	4209	4556857856.000000
281474976710655.000000	2.228193	4210	4557899264.000000
281474976710655.000000	2.365134	4211	4558955008.000000
281474976710655.000000	2.292125	4212	4559997952.000000
281474976710655.000000	2.308577	4213	4561047040.000000
281474976710655.000000	2.453319	4214	4562092032.000000
281474976710655.000000	2.460749	4215	4563146752.000000
281474976710655.000000	2.403299	4216	4564187136.000000
281474976710655.000000	2.496086	4217	4565239296.000000
281474976710655.000000	2.590285	4218	4566283264.000000
281474976710655.000000	2.549442	4219	4567336448.000000
281474976710655.000000	2.577024	4220	4568376320.000000
281474976710655.000000	2.693199	4221	4569437184.000000
281474976710655.000000	2.584515	4222	4570467328.000000
281474976710655.000000	2.832792	4223	4571529728.000000
281474976710655.000000	2.760449	4224	4572561920.000000
281474976710655.000000	2.712588	4225	4573622784.000000
281474976710655.000000	2.822943	4226	4574656512.000000
281474976710655.000000	2.844650	4227	4575715840.000000
281474976710655.000000	2.816439	4228	4576754688.000000
281474976710655.000000	2.998581	4229	4577807872.000000
281474976710655.000000	2.909365	4230	4578852864.000000
281474976710655.000000	2.911865	4231	4579901440.000000
281474976710655.000000	3.081790	4232	4580942336.000000
281474976710655.000000	2.966549	4233	4582000128.000000
281474976710655.000000	3.053228	4234	4583032320.000000
281474976710655.000000	3.180530	4235	4584097280.000000
281474976710655.000000	3.066502	4236	4585129472.000000
281474976710655.000000	3.186105	4237	4586186752.000000
281474976710655.000000	3.184869	4238	4587226112.000000
281474976710655.000000	3.162725	4239	4588278272.000000
281474976710655.000000	3.297901	4240	4589319680.000000
281474976710655.000000	3.280934	4241	4590372864.000000
281474976710655.000000	3.238384	4242	4591413248.000000
281474976710655.000000	3.340700	4243	4592466432.000000
281474976710655.000000	3.356410	4244	4593506816.000000
281474976710655.000000	3.400143	4245	4594561024.000000
281474976710655.000000	3.445257	4246	4595597824.000000
281474976710655.000000	3.439709	4247	4596657152.000000
281474976710655.000000	3.445536	4248	4597689856.000000
281474976710655.000000	3.540322	4249	4598750720.000000
281474976710655.000000	3.538701	4250	4599782912.000000
281474976710655.000000	3.561670	4251	4600843776.000000
281474976710655.000000	3.568708	4252	4601874944.000000
281474976710655.000000	3.595259	4253	4602936832.000000
281474976710655.000000	3.645725	4254	4603969536.000000
281474976710655.000000	3.650959	4255	4605029376.000000
281474976710655.000000	3.699752	4256	4606062080.000000
281474976710655.000000	3.727062	4257	4607122432.000000
281474976710655.000000	3.709687	4258	4608156672.000000
281474976710655.000000	3.797791	4259	4609213952.000000
281474976710655.000000	3.786436	4260	4610250240.000000
281474976710655.000000	3.796273	4261	4611307008.000000
281474976710655.000000	3.813389	4262	4612344320.000000
281474976710655.000000	3.841150	4263	4613396480.000000
281474976710655.000000	3.849936	4264	4614438400.000000
281474976710655.000000	3.911371	4265	4615488512.000000
281474976710655.000000	3.909379	4266	4616532480.000000
281474976710655.000000	3.944807	4267	4617582080.000000
281474976710655.000000	3.967468	4268	4618621952.000000
281474976710655.000000	3.935305	4269	4619677696.000000
281474976710655.000000	3.987990	4270	4620711424.000000
281474976710655.000000	3.986377	4271	4621771264.000000
281474976710655.000000	4.039997	4272	4622804480.000000
281474976710655.000000	4.066567	4273	4623862784.000000
281474976710655.000000	4.114306	4274	4624897536.000000
281474976710655.000000	4.082050	4275	4625954304.000000
281474976710655.000000	4.123289	4276	4626991104.000000
281474976710655.000000	4.127462	4277	4628043776.000000
281474976710655.000000	4.180560	4278	4629087744.000000
281474976710655.000000	4.190699	4279	4630134784.000000
281474976710655.000000	4.227931	4280	4631179776.000000
281474976710655.000000	4.212403	4281	4632228864.000000
281474976710655.000000	4.238915	4282	4633268736.000000
281474976710655.000000	4.257770	4283	4634323968.000000
281474976710655.000000	4.291405	4284	4635359232.000000
281474976710655.000000	4.280748	4285	4636417024.000000
281474976710655.000000	4.314105	4286	4637451264.000000
281474976710655.000000	4.338976	4287	4638509056.000000
281474976710655.000000	4.365649	4288	4639542272.000000
281474976710655.000000	4.373843	4289	4640601088.000000
281474976710655.000000	4.386519	4290	4641634304.000000
281474976710655.000000	4.412937	4291	4642693632.000000
281474976710655.000000	4.476730	4292	4643726848.000000
281474976710655.000000	4.426918	4293	4644785152.000000
281474976710655.000000	4.502509	4294	4645819904.000000
281474976710655.000000	4.511301	4295	4646876672.000000
281474976710655.000000	4.502927	4296	4647910912.000000
281474976710655.000000	4.496999	4297	4648969728.000000
281474976710655.000000	4.509766	4298	4650003456.000000
281474976710655.000000	4.563257	4299	4651061760.000000
281474976710655.000000	4.551615	4300	4652094976.000000
281474976710655.000000	4.616305	4301	4653153280.000000
281474976710655.000000	4.606517	4302	4654187520.000000
281474976710655.000000	4.612111	4303	4655243776.000000
281474976710655.000000	4.589624	4304	4656280576.000000
281474976710655.000000	4.666417	4305	4657333760.000000
281474976710655.000000	4.654379	4306	4658373632.000000
281474976710655.000000	4.656322	4307	4659424256.000000
281474976710655.000000	4.730891	4308	4660466688.000000
281474976710655.000000	4.714145	4309	4661514752.000000
281474976710655.000000	4.705368	4310	4662559232.000000
281474976710655.000000	4.745127	4311	4663608320.000000
281474976710655.000000	4.746486	4312	4664648192.000000
281474976710655.000000	4.722744	4313	4665702400.000000
281474976710655.000000	4.812159	4314	4666738688.000000
281474976710655.000000	4.785461	4315	4667795456.000000
281474976710655.000000	4.826286	4316	4668828672.000000
281474976710655.000000	4.862120	4317	4669887488.000000
281474976710655.000000	4.794974	4318	4670921728.000000
281474976710655.000000	4.818559	4319	4671977984.000000
281474976710655.000000	4.821512	4320	4673014272.000000
281474976710655.000000	4.844197	4321	4674069504.000000
281474976710655.000000	4.863470	4322	4675107840.000000
281474976710655.000000	4.928673	4323	4676158976.000000
281474976710655.000000	4.964783	4324	4677199360.000000
281474976710655.000000	4.958419	4325	4678249984.000000
281474976710655.000000	4.958294	4326	4679291392.000000
281474976710655.000000	4.928904	4327	4680342016.000000
281474976710655.000000	4.964231	4328	4681382912.000000
281474976710655.000000	4.937552	4329	4682434048.000000
281474976710655.000000	5.018939	4330	4683474432.000000
281474976710655.000000	4.924181	4331	4684526080.000000
