crossing time (s)	slope (V/s)	crossing number
281474976710655.000000	1.925313	4947	0.000000
281474976710655.000000	1.933173	4948	5339710976.000000
281474976710655.000000	2.066099	4949	5340761088.000000
281474976710655.000000	2.218046	4950	5341821952.000000
281474976710655.000000	2.254310	4951	5342870016.000000
281474976710655.000000	2.351837	4952	5343925248.000000
281474976710655.000000	2.622731	4953	5344976384.000000
281474976710655.000000	2.589273	4954	5346027520.000000
281474976710655.000000	2.716363	4955	5347078144.000000
281474976710655.000000	2.910443	4956	5348132352.000000
281474976710655.000000	2.905236	4957	5349182464.000000
281474976710655.000000	2.955719	4958	5350232064.000000
281474976710655.000000	3.182653	4959	5351283712.000000
281474976710655.000000	3.169375	4960	5352333824.000000
281474976710655.000000	3.290595	4961	5353382400.000000
281474976710655.000000	3.382208	4962	5354435072.000000
281474976710655.000000	3.480100	4963	5355483136.000000
281474976710655.000000	3.507829	4964	5356532736.000000
281474976710655.000000	3.626514	4965	5357580800.000000
281474976710655.000000	3.713130	4966	5358632960.000000
281474976710655.000000	3.728749	4967	5359678464.000000
281474976710655.000000	3.864657	4968	5360729088.000000
281474976710655.000000	3.908002	4969	5361776128.000000
281474976710655.000000	3.963522	4970	5362826240.000000
281474976710655.000000	4.064468	4971	5363870720.000000
281474976710655.000000	4.035900	4972	5364923392.000000
281474976710655.000000	4.185549	4973	5365969408.000000
281474976710655.000000	4.207684	4974	5367017472.000000
281474976710655.000000	4.308920	4975	5368062976.000000
281474976710655.000000	4.288809	4976	5369115648.000000
281474976710655.000000	4.467031	4977	5370159104.000000
281474976710655.000000	4.365180	4978	5371210240.000000
281474976710655.000000	4.554571	4979	5372253184.000000
281474976710655.000000	4.578978	4980	5373306368.000000
281474976710655.000000	4.655436	4981	5374346752.000000
281474976710655.000000	4.693161	4982	5375402496.000000
281474976710655.000000	4.772806	4983	5376439808.000000
281474976710655.000000	4.752810	4984	5377496576.000000
281474976710655.000000	4.821449	4985	5378534400.000000
281474976710655.000000	4.944453	4986	5379590656.000000
281474976710655.000000	4.936559	4987	5380626944.000000
281474976710655.000000	4.805177	4988	5381685248.000000
281474976710655.000000	5.047006	4989	5382721536.000000
281474976710655.000000	5.039003	4990	5383777280.000000
281474976710655.000000	5.077239	4991	5384815616.000000
281474976710655.000000	5.101046	4992	5385871360.000000
281474976710655.000000	5.270427	4993	5386909184.000000
281474976710655.000000	5.125137	4994	5387963904.000000
281474976710655.000000	5.242403	4995	5389003264.000000
281474976710655.000000	5.286029	4996	5390057472.000000
281474976710655.000000	5.387376	4997	5391095808.000000
281474976710655.000000	5.236302	4998	5392150528.000000
281474976710655.000000	5.387073	4999	5393189376.000000
281474976710655.000000	5.486688	5000	5394243072.000000
281474976710655.000000	5.449620	5001	5395281408.000000
281474976710655.000000	5.455929	5002	5396337152.000000
281474976710655.000000	5.572913	5003	5397374464.000000
281474976710655.000000	5.527828	5004	5398429184.000000
281474976710655.000000	5.549836	5005	5399466496.000000
281474976710655.000000	5.578769	5006	5400522752.000000
281474976710655.000000	5.777220	5007	5401559040.000000
281474976710655.000000	5.625026	5008	5402614784.000000
281474976710655.000000	5.653615	5009	5403652096.000000
281474976710655.000000	5.771503	5010	5404707328.000000
281474976710655.000000	5.866701	5011	5405743616.000000
281474976710655.000000	5.736466	5012	5406799872.000000
281474976710655.000000	5.839049	5013	5407837184.000000
281474976710655.000000	5.867074	5014	5408891392.000000
281474976710655.000000	5.925915	5015	5409929216.000000
281474976710655.000000	5.856441	5016	5410983424.000000
281474976710655.000000	5.972478	5017	5412022784.000000
281474976710655.000000	5.938834	5018	5413074944.000000
281474976710655.000000	6.048100	5019	5414116352.000000
281474976710655.000000	6.041505	5020	5415165952.000000
281474976710655.000000	5.943380	5021	5416208384.000000
281474976710655.000000	6.118584	5022	5417257984.000000
281474976710655.000000	6.063426	5023	5418301440.000000
281474976710655.000000	6.078648	5024	5419348480.000000
281474976710655.000000	6.037494	5025	5420393984.000000
281474976710655.000000	6.169308	5026	5421441024.000000
281474976710655.000000	6.208442	5027	5422485504.000000
281474976710655.000000	6.108093	5028	5423532544.000000
281474976710655.000000	6.150210	5029	5424578048.000000
281474976710655.000000	6.305277	5030	5425624064.000000
281474976710655.000000	6.281809	5031	5426670080.000000
281474976710655.000000	6.196774	5032	5427716096.000000
281474976710655.000000	6.353421	5033	5428762112.000000
281474976710655.000000	6.341269	5034	5429808128.000000
281474976710655.000000	6.267398	5035	5430853632.000000
281474976710655.000000	6.275356	5036	5431900160.000000
281474976710655.000000	6.441930	5037	5432945152.000000
281474976710655.000000	6.490879	5038	5433992192.000000
281474976710655.000000	6.343796	5039	5435037184.000000
281474976710655.000000	6.425324	5040	5436083712.000000
281474976710655.000000	6.502202	5041	5437128192.000000
281474976710655.000000	6.368158	5042	5438176256.000000
281474976710655.000000	6.361371	5043	5439219712.000000
281474976710655.000000	6.460836	5044	5440268288.000000
281474976710655.000000	6.542798	5045	5441311232.000000
281474976710655.000000	6.483116	5046	5442360320.000000
281474976710655.000000	6.493323	5047	5443401728.000000
281474976710655.000000	6.533751	5048	5444451840.000000
281474976710655.000000	6.548666	5049	5445493248.000000
281474976710655.000000	6.617938	5050	5446544896.000000
281474976710655.000000	6.632215	5051	5447584256.000000
281474976710655.000000	6.554171	5052	5448636928.000000
281474976710655.000000	6.633843	5053	5449674240.000000
281474976710655.000000	6.663774	5054	5450727936.000000
281474976710655.000000	6.680103	5055	5451766784.000000
281474976710655.000000	6.766069	5056	5452819968.000000
281474976710655.000000	6.778798	5057	5453858304.000000
281474976710655.000000	6.759651	5058	5454912512.000000
281474976710655.000000	6.868887	5059	5455949312.000000
281474976710655.000000	6.858883	5060	5457002496.000000
281474976710655.000000	6.834926	5061	5458040832.000000
281474976710655.000000	6.706466	5062	5459095040.000000
281474976710655.000000	6.797433	5063	5460132864.000000
281474976710655.000000	6.873861	5064	5461186048.000000
281474976710655.000000	6.792927	5065	5462224384.000000
281474976710655.000000	6.802870	5066	5463277568.000000
281474976710655.000000	6.863704	5067	5464315392.000000
281474976710655.000000	6.838649	5068	5465368576.000000
281474976710655.000000	6.824008	5069	5466406912.000000
281474976710655.000000	6.806056	5070	5467460096.000000
281474976710655.000000	6.899705	5071	5468498432.000000
281474976710655.000000	6.881314	5072	5469550592.000000
281474976710655.000000	6.917061	5073	5470589952.000000
281474976710655.000000	6.968029	5074	5471643136.000000
281474976710655.000000	6.974283	5075	5472680448.000000
281474976710655.000000	6.891041	5076	5473734656.000000
281474976710655.000000	6.944037	5077	5474772480.000000
281474976710655.000000	6.981590	5078	5475826176.000000
281474976710655.000000	7.036293	5079	5476863488.000000
281474976710655.000000	6.941132	5080	5477917696.000000
281474976710655.000000	7.039031	5081	5478955008.000000
281474976710655.000000	7.044488	5082	5480008704.000000
281474976710655.000000	6.999533	5083	5481046528.000000
281474976710655.000000	6.976669	5084	5482100736.000000
281474976710655.000000	7.135736	5085	5483138048.000000
281474976710655.000000	7.084812	5086	5484190208.000000
281474976710655.000000	7.050383	5087	5485230080.000000
281474976710655.000000	7.065319	5088	5486281216.000000
281474976710655.000000	7.012234	5089	5487321088.000000
281474976710655.000000	7.013765	5090	5488372224.000000
281474976710655.000000	7.252512	5091	5489413632.000000
281474976710655.000000	7.061307	5092	5490462720.000000
281474976710655.000000	7.125579	5093	5491505664.000000
