time (s)	energy (uJ)	charge (mC)	voltage (mV)	crossing#mod 255
1254.395779	75.709251	0.015851	4.776248	149
1255.448143	80.409027	0.015883	5.062710	150
1256.490530	78.308952	0.015902	4.924615	151
1257.541379	85.002281	0.015876	5.353998	152
1258.583160	84.993782	0.015887	5.349951	153
1259.634459	88.238892	0.015898	5.550351	154
1260.676730	89.845634	0.015897	5.651824	155
1261.727959	95.198189	0.015877	5.995939	156
1262.768968	93.659286	0.015874	5.900298	157
1263.821631	99.877747	0.015874	6.292070	158
1264.859570	93.204651	0.015874	5.871696	159
1265.914914	104.813957	0.015889	6.596708	160
1266.952109	103.963737	0.015851	6.558976	161
1268.008568	107.118958	0.015872	6.748762	162
1269.044725	111.774742	0.015932	7.015666	163
1270.102298	113.282547	0.015877	7.134820	164
1271.141834	118.540199	0.015896	7.457285	165
1272.192975	119.026787	0.015895	7.488276	166
1273.237728	124.293427	0.015891	7.821839	167
1274.287046	128.697388	0.015894	8.097193	168
1275.331046	128.061813	0.015869	8.070133	169
1276.378979	133.481079	0.015892	8.399469	170
1277.422703	134.779144	0.015873	8.491343	171
1278.474242	142.443329	0.015903	8.957216	172
1279.516357	142.091080	0.015841	8.969666	173
1280.568361	146.937775	0.015868	9.260212	174
1281.609174	147.850327	0.015845	9.331126	175
1282.662063	152.924271	0.015820	9.666605	176
1283.700197	156.721603	0.015892	9.861397	177
1284.756772	162.259506	0.015871	10.223952	178
1285.792310	164.308914	0.015851	10.365605	179
1286.851789	169.926620	0.015877	10.702944	180
1287.886743	170.253616	0.015884	10.718401	181
1288.944476	179.919540	0.015864	11.341496	182
1289.981345	179.654236	0.015888	11.307578	183
1291.036953	187.124680	0.015864	11.795896	184
1292.077099	189.339172	0.015887	11.917682	185
1293.120382	183.780655	0.015869	11.580760	186
1294.170546	195.347534	0.015867	12.311451	187
1295.220584	203.037781	0.015864	12.798317	188
1296.265744	197.463303	0.015867	12.444745	189
1297.314701	212.607330	0.015870	13.397155	190
1298.358796	209.936722	0.015872	13.226758	191
1299.409460	218.381836	0.015855	13.773474	192
1300.449968	215.104935	0.015834	13.585295	193
1301.503663	220.407776	0.015888	13.872700	194
1302.544647	226.344910	0.015877	14.256529	195
1303.596700	222.872498	0.015858	14.054086	196
1304.636349	231.213898	0.015881	14.559476	197
1305.690722	228.036301	0.015862	14.376031	198
1306.729381	232.576828	0.015884	14.642260	199
1307.784889	234.723053	0.015862	14.797913	200
1308.823186	241.950226	0.015881	15.235515	201
1309.877609	240.558258	0.015879	15.149528	202
1310.917188	238.839401	0.015860	15.059569	203
1311.971078	242.742538	0.015853	15.311912	204
1313.008941	244.513947	0.015857	15.419453	205
1314.064582	243.929871	0.015862	15.377996	206
1315.102912	248.744690	0.015882	15.661592	207
1316.156829	246.548141	0.015878	15.527833	208
1317.197802	247.684982	0.015865	15.611658	209
1318.249455	247.469238	0.015884	15.580053	210
1319.289540	251.357040	0.015856	15.852805	211
1320.343774	245.319763	0.015883	15.445719	212
1321.384182	250.355728	0.015875	15.769962	213
1322.433698	250.177383	0.015845	15.789455	214
1323.477320	249.218536	0.015882	15.691795	215
1324.526634	252.484100	0.015884	15.895821	216
1325.569897	251.382828	0.015848	15.861630	217
1326.618524	258.652557	0.015859	16.309771	218
1327.662056	258.497528	0.015855	16.303768	219
1328.711803	249.071640	0.015848	15.715905	220
1329.754719	250.934952	0.015857	15.824796	221
1330.805713	248.796432	0.015879	15.668269	222
1331.846759	248.230591	0.015854	15.657032	223
1332.899530	239.297958	0.015857	15.090945	224
1333.939068	248.696838	0.015877	15.663939	225
1334.993199	233.224457	0.015855	14.709862	226
1336.030883	247.199783	0.015829	15.616797	227
1337.084600	235.038406	0.015850	14.828762	228
1338.124940	239.764847	0.015862	15.115572	229
1339.177029	233.324371	0.015867	14.705403	230
1340.217616	240.383102	0.015877	15.139883	231
1341.269381	228.695450	0.015860	14.419526	232
1342.310398	236.002716	0.015849	14.890667	233
1343.360764	235.539932	0.015854	14.856625	234
1344.395943	267.376038	0.015864	16.854429	235
1345.452605	225.079926	0.015859	14.192316	236
1346.497433	222.086533	0.015880	13.985040	237
1347.545666	223.623718	0.015857	14.102387	238
1348.588680	223.794693	0.015850	14.119593	239
1349.636674	222.190536	0.015849	14.018965	240
1350.682256	214.486526	0.015828	13.551108	241
1351.729454	216.259293	0.015860	13.635907	242
1352.768320	241.791977	0.015885	15.221403	243
1353.822608	208.158035	0.015884	13.104582	244
1354.866759	209.697266	0.015830	13.246569	245
1355.913196	235.968292	0.015863	14.875851	246
1356.959348	207.193680	0.015863	13.061529	247
1358.007461	199.495850	0.015857	12.580741	248
1359.049824	209.602600	0.015850	13.224190	249
1360.098416	203.943375	0.015853	12.864485	250
1361.136483	232.797104	0.015885	14.655334	251
1362.191693	196.392410	0.015858	12.384482	252
1363.234091	205.358521	0.015882	12.930013	253
1364.284014	203.248993	0.015842	12.829426	254
1365.324682	207.435349	0.015809	13.121239	255
1366.376219	190.977875	0.015863	12.039147	0
1367.418128	191.121582	0.015877	12.037266	1
1368.469132	183.709000	0.015887	11.563569	2
1369.509496	194.298370	0.015834	12.271107	3
1370.561398	183.604828	0.015865	11.573177	4
1371.600314	201.150101	0.015856	12.685814	5
1372.653341	178.940353	0.015855	11.285769	6
1373.692764	199.472534	0.015815	12.613249	7
1374.744495	173.885147	0.015888	10.944235	8
1375.786734	191.202988	0.015860	12.056005	9
1376.835138	176.659454	0.015869	11.132274	10
1377.878453	192.801956	0.015883	12.139108	11
1378.926768	174.197021	0.015853	10.988350	12
1379.971239	186.643921	0.015856	11.771494	13
1381.018800	155.171967	0.015847	9.791693	14
1382.063856	185.010651	0.015853	11.670547	15
1383.110605	154.840256	0.015880	9.750672	16
1384.156463	168.750641	0.015851	10.645900	17
1385.203766	159.792343	0.015876	10.064810	18
1386.247063	180.061737	0.015885	11.335111	19
1387.294717	167.210236	0.015885	10.526516	20
1388.337950	183.381607	0.015878	11.549481	21
1389.385914	172.688019	0.015873	10.879497	22
1390.429748	177.248276	0.015835	11.193126	23
1391.478390	162.556152	0.015869	10.243497	24
1392.522154	170.628860	0.015858	10.759974	25
1393.570062	163.286819	0.015856	10.298073	26
1394.614020	171.219070	0.015849	10.802978	27
