time (s)	energy (uJ)	charge (mC)	voltage (mV)	crossing#mod 255
5517.119690	137.740967	0.022541	6.110744	252
5518.168318	123.691154	0.022503	5.496651	253
5519.222397	115.081078	0.022565	5.100038	254
5520.268361	126.503151	0.022524	5.616398	255
5521.320056	113.314766	0.022557	5.023592	0
5522.366235	115.076263	0.022547	5.103738	1
5523.420905	101.433838	0.022552	4.497716	2
5524.465302	121.471458	0.022532	5.390949	3
5525.518635	92.426231	0.022560	4.096983	4
5526.564997	101.709747	0.022532	4.514071	5
5527.599268	128.797409	0.022566	5.707713	6
5528.658669	108.112457	0.022537	4.797030	7
5529.714556	92.036819	0.022537	4.083744	8
5530.755068	107.941521	0.022540	4.788805	9
5531.810108	86.366699	0.022527	3.833979	10
5532.851092	102.249985	0.022550	4.534349	11
5533.907147	82.649918	0.022509	3.671857	12
5534.947224	95.418610	0.022531	4.235029	13
5536.003862	80.428772	0.022557	3.565643	14
5537.039505	95.566864	0.022529	4.241894	15
5538.097684	78.185097	0.022541	3.468589	16
5539.136384	82.637611	0.022518	3.669768	17
5540.193710	80.724220	0.022542	3.581115	18
5541.228268	86.923515	0.022517	3.860390	19
5542.286906	72.350632	0.022518	3.213044	20
5543.324795	80.929680	0.022524	3.593005	21
5544.380869	74.232780	0.022505	3.298471	22
5545.419272	67.059937	0.022525	2.977192	23
5546.475960	69.769600	0.022602	3.086908	24
5547.512353	77.212227	0.022531	3.426980	25
5548.569877	65.662392	0.022546	2.912379	26
5549.607558	70.616440	0.022511	3.136975	27
5550.672908	57.535645	0.022481	2.559342	28
5551.699986	72.060356	0.022531	3.198212	29
5552.755557	62.089382	0.022497	2.759927	30
5553.795803	66.519180	0.022513	2.954647	31
5554.864001	48.548107	0.022561	2.151854	32
5555.887377	66.932335	0.022494	2.975583	33
5556.941090	58.536079	0.022489	2.602851	34
5557.979912	54.292175	0.022553	2.407365	35
5559.034524	58.951244	0.022548	2.614451	36
5560.075254	60.147800	0.022513	2.671710	37
5561.128643	55.389595	0.022529	2.458643	38
5562.165739	62.796310	0.022523	2.788078	39
5563.221535	55.219780	0.022491	2.455177	40
5564.257488	58.525055	0.022550	2.595359	41
5565.314814	53.832619	0.022566	2.385547	42
5566.350834	60.037579	0.022532	2.664569	43
5567.407336	49.336491	0.022526	2.190166	44
5568.443336	55.854774	0.022520	2.480251	45
5569.499692	51.167789	0.022553	2.268791	46
5570.535045	57.332249	0.022521	2.545768	47
5571.592067	47.274940	0.022553	2.096147	48
5572.628580	57.129059	0.022510	2.537914	49
5573.684480	47.708935	0.022516	2.118907	50
5574.720984	49.114029	0.022519	2.181049	51
5575.775669	45.265198	0.022554	2.006972	52
5576.815859	52.648350	0.022536	2.336192	53
5577.866725	44.648540	0.022525	1.982209	54
5578.908422	51.555676	0.022520	2.289316	55
5579.958446	144.704315	0.022479	6.437223	56
5581.001058	49.241871	0.022518	2.186787	57
5582.050182	44.272190	0.022545	1.963724	58
5583.093355	50.010544	0.022555	2.217252	59
5584.143018	41.404198	0.022484	1.841481	60
5585.186675	46.831615	0.022549	2.076907	61
5586.234048	43.880333	0.022534	1.947315	62
5587.277667	46.837654	0.022537	2.078291	63
5588.326021	40.028088	0.022475	1.781021	64
5589.369552	46.528629	0.022545	2.063824	65
5590.418830	40.653130	0.022523	1.804924	66
5591.461535	170.957565	0.022476	7.606242	67
5592.513243	37.041412	0.022517	1.645075	68
5593.553825	45.007942	0.022523	1.998278	69
5594.601248	40.051914	0.022478	1.781788	70
5595.646322	43.148609	0.022476	1.919735	71
5596.703953	31.865108	0.022549	1.413173	72
5597.737847	44.364704	0.022543	1.967975	73
5598.785631	37.017113	0.022522	1.643573	74
5599.831195	40.338543	0.022523	1.790997	75
5600.877963	37.207550	0.022509	1.653024	76
5601.920904	41.637199	0.022508	1.849857	77
5602.969211	35.825752	0.022513	1.591349	78
5604.013734	40.813084	0.022537	1.810936	79
5605.060668	38.168980	0.022540	1.693389	80
5606.103607	41.932999	0.022520	1.862045	81
5607.154169	35.894722	0.022558	1.591193	82
5608.194831	41.106945	0.022478	1.828778	83
5609.245659	35.001526	0.022505	1.555281	84
5610.285469	39.807732	0.022525	1.767236	85
5611.340386	34.080559	0.022510	1.514040	86
5612.375582	39.884739	0.022529	1.770356	87
5613.430994	33.491737	0.022515	1.487514	88
5614.467808	39.373138	0.022524	1.748047	89
5615.522994	55.566704	0.022510	2.468573	90
5616.560803	36.836407	0.022524	1.635438	91
5617.614063	33.549625	0.022547	1.488003	92
5618.649713	38.753914	0.022528	1.720269	93
5619.705440	32.553333	0.022523	1.445337	94
5620.743289	36.971462	0.022512	1.642301	95
5621.796668	33.270725	0.022482	1.479892	96
5622.835377	36.270924	0.022548	1.608582	97
5623.890836	30.119606	0.022510	1.338084	98
5624.926128	36.800468	0.022544	1.632389	99
5625.981076	30.479712	0.022514	1.353835	100
5627.018656	35.445320	0.022518	1.574114	101
5628.072637	30.938416	0.022521	1.373775	102
5629.110498	35.968315	0.022521	1.597094	103
5630.164199	29.936432	0.022512	1.329793	104
5631.202825	34.003750	0.022480	1.512591	105
5632.255161	30.841457	0.022501	1.370687	106
5633.291136	36.148506	0.022538	1.603858	107
5634.345976	30.707518	0.022520	1.363542	108
5635.383724	29.600220	0.022533	1.313627	109
5636.438174	30.067581	0.022466	1.338341	110
5637.475251	34.297455	0.022490	1.524982	111
5638.534248	25.915176	0.022476	1.153037	112
5639.567901	32.938919	0.022498	1.464104	113
5640.621254	28.836933	0.022518	1.280602	114
5641.657324	33.343540	0.022532	1.479798	115
5642.711821	28.828159	0.022510	1.280708	116
5643.749043	33.151688	0.022536	1.471083	117
5644.802786	28.389723	0.022521	1.260613	118
5645.840477	32.433052	0.022447	1.444894	119
5646.894739	27.895452	0.022488	1.240470	120
5647.932615	32.498455	0.022483	1.445458	121
5648.984516	29.383774	0.022468	1.307833	122
5650.024152	32.233295	0.022465	1.434825	123
5651.076961	27.066729	0.022510	1.202414	124
